{
    "w": 960.0,
    "h": 540.0,
    "fl_x": 434.9471348690112,
    "fl_y": 433.8717817213005,
    "cx": 480.0,
    "cy": 270.0,
    "k1": 0.031730745825104406,
    "k2": -0.027866521557591582,
    "p1": -0.00043881960318230636,
    "p2": -0.00024488269455128994,
    "camera_model": "OPENCV",
    "frames": [
        {
            "file_path": "images/frame_00001.png",
            "transform_matrix": [
                [
                    -0.14571655075274798,
                    -0.980962163617503,
                    -0.1283741422078034,
                    -0.36196879194865966
                ],
                [
                    0.9871425256783205,
                    -0.15278264192231797,
                    0.046979765055425914,
                    -2.850964589326269
                ],
                [
                    -0.0656987125760321,
                    -0.1198778456517478,
                    0.9906124273840641,
                    2.993100074886866
                ],
                [
                    0.0,
                    0.0,
                    0.0,
                    1.0
                ]
            ],
            "colmap_im_id": 1
        },
        {
            "file_path": "images/frame_00002.png",
            "transform_matrix": [
                [
                    -0.14655120086532794,
                    -0.9840023183741399,
                    -0.10130243313587377,
                    -0.36354421764482897
                ],
                [
                    0.9871376686041015,
                    -0.15209061716674885,
                    0.04927136483492722,
                    -2.791591740522468
                ],
                [
                    -0.06389028680315481,
                    -0.09277866998483704,
                    0.9936348170470152,
                    2.9588560749241317
                ],
                [
                    0.0,
                    0.0,
                    0.0,
                    1.0
                ]
            ],
            "colmap_im_id": 2
        },
        {
            "file_path": "images/frame_00003.png",
            "transform_matrix": [
                [
                    -0.14681639367656815,
                    -0.9866765319617007,
                    -0.07010255219204269,
                    -0.35924383166817586
                ],
                [
                    0.9870599749342914,
                    -0.15075548534395578,
                    0.05463871815319703,
                    -2.734313841548416
                ],
                [
                    -0.06447908521779064,
                    -0.06117356385514467,
                    0.9960422895915301,
                    2.905886291943974
                ],
                [
                    0.0,
                    0.0,
                    0.0,
                    1.0
                ]
            ],
            "colmap_im_id": 3
        },
        {
            "file_path": "images/frame_00004.png",
            "transform_matrix": [
                [
                    -0.14671365493222863,
                    -0.9880752731051317,
                    -0.046715716141854394,
                    -0.36067665026940954
                ],
                [
                    0.9869330399367795,
                    -0.14939788804148438,
                    0.06036096196956505,
                    -2.6939293725320805
                ],
                [
                    -0.06662040331290499,
                    -0.0372495063989239,
                    0.9970828431657333,
                    2.861583096506747
                ],
                [
                    0.0,
                    0.0,
                    0.0,
                    1.0
                ]
            ],
            "colmap_im_id": 4
        },
        {
            "file_path": "images/frame_00005.png",
            "transform_matrix": [
                [
                    -0.14542937451387009,
                    -0.9891613703231104,
                    -0.02025044416823461,
                    -0.36483299444789674
                ],
                [
                    0.9866013429952809,
                    -0.1465220279090991,
                    0.07175712743214545,
                    -2.6411906285349414
                ],
                [
                    -0.0739465146468208,
                    -0.009543521253262235,
                    0.9972165432711573,
                    2.8100045426774516
                ],
                [
                    0.0,
                    0.0,
                    0.0,
                    1.0
                ]
            ],
            "colmap_im_id": 5
        },
        {
            "file_path": "images/frame_00006.png",
            "transform_matrix": [
                [
                    -0.1443935699054849,
                    -0.9895115121683267,
                    -0.004179025759793908,
                    -0.35820492364445455
                ],
                [
                    0.9857425021129246,
                    -0.14420970335979083,
                    0.08669072029364899,
                    -2.5754897007964606
                ],
                [
                    -0.08638412179388286,
                    0.00839813927202423,
                    0.9962265077574813,
                    2.7454345699284537
                ],
                [
                    0.0,
                    0.0,
                    0.0,
                    1.0
                ]
            ],
            "colmap_im_id": 6
        },
        {
            "file_path": "images/frame_00007.png",
            "transform_matrix": [
                [
                    -0.14447796494406323,
                    -0.9895066511820212,
                    0.0016446617171020598,
                    -0.35444093558459
                ],
                [
                    0.9847253784208587,
                    -0.14361623451184335,
                    0.09843935330210052,
                    -2.5197258993069096
                ],
                [
                    -0.09717019470762935,
                    0.01584185756724476,
                    0.9951416928303731,
                    2.69364492527789
                ],
                [
                    0.0,
                    0.0,
                    0.0,
                    1.0
                ]
            ],
            "colmap_im_id": 7
        },
        {
            "file_path": "images/frame_00008.png",
            "transform_matrix": [
                [
                    -0.1431571163523733,
                    -0.9896976998286389,
                    0.00212202534733433,
                    -0.35054771455611583
                ],
                [
                    0.9834240931343411,
                    -0.14200792378574698,
                    0.11274219540598064,
                    -2.455070719037521
                ],
                [
                    -0.11127934705313426,
                    0.018226698438366325,
                    0.9936220077994774,
                    2.6282630323490936
                ],
                [
                    0.0,
                    0.0,
                    0.0,
                    1.0
                ]
            ],
            "colmap_im_id": 8
        },
        {
            "file_path": "images/frame_00009.png",
            "transform_matrix": [
                [
                    -0.14183937011919548,
                    -0.9898896060857068,
                    0.0004010581928212309,
                    -0.3451355965023992
                ],
                [
                    0.9821293284263977,
                    -0.1406767592165998,
                    0.12502812348039055,
                    -2.4046645299696503
                ],
                [
                    -0.12370762033481558,
                    0.01812780129521901,
                    0.992153116958919,
                    2.5678090235200517
                ],
                [
                    0.0,
                    0.0,
                    0.0,
                    1.0
                ]
            ],
            "colmap_im_id": 9
        },
        {
            "file_path": "images/frame_00010.png",
            "transform_matrix": [
                [
                    -0.13981073810736575,
                    -0.9901780031428598,
                    0.0006925329540931226,
                    -0.33312735165068647
                ],
                [
                    0.9810453692139935,
                    -0.1384263913640914,
                    0.13560279391551786,
                    -2.3537131114293963
                ],
                [
                    -0.13417503886212437,
                    0.0196381329543907,
                    0.9907630406310145,
                    2.5023108541523924
                ],
                [
                    0.0,
                    0.0,
                    0.0,
                    1.0
                ]
            ],
            "colmap_im_id": 10
        },
        {
            "file_path": "images/frame_00011.png",
            "transform_matrix": [
                [
                    -0.135465598983906,
                    -0.9907702582607167,
                    0.00483392572595129,
                    -0.3357932537833077
                ],
                [
                    0.9800325074920361,
                    -0.13327752298277745,
                    0.1475580771304896,
                    -2.2927468203886527
                ],
                [
                    -0.1455519005399925,
                    0.024726447653629482,
                    0.9890415800337355,
                    2.4041561098820172
                ],
                [
                    0.0,
                    0.0,
                    0.0,
                    1.0
                ]
            ],
            "colmap_im_id": 11
        },
        {
            "file_path": "images/frame_00012.png",
            "transform_matrix": [
                [
                    -0.12969235867256107,
                    -0.9914967022906994,
                    0.010685571983556014,
                    -0.35381183041258774
                ],
                [
                    0.9795887995997056,
                    -0.12645074363107045,
                    0.15625617790653043,
                    -2.2395410892101086
                ],
                [
                    -0.1535762865834298,
                    0.030732698902265144,
                    0.9876587596014257,
                    2.33917367128088
                ],
                [
                    0.0,
                    0.0,
                    0.0,
                    1.0
                ]
            ],
            "colmap_im_id": 12
        },
        {
            "file_path": "images/frame_00013.png",
            "transform_matrix": [
                [
                    -0.12285167632125808,
                    -0.9921069698774976,
                    0.025124210346737084,
                    -0.3724961312783123
                ],
                [
                    0.9791567794944321,
                    -0.1170445276460348,
                    0.1659896976267155,
                    -2.1647258261849185
                ],
                [
                    -0.1617388846108093,
                    0.044992653495952536,
                    0.9858073819647752,
                    2.282201993646333
                ],
                [
                    0.0,
                    0.0,
                    0.0,
                    1.0
                ]
            ],
            "colmap_im_id": 13
        },
        {
            "file_path": "images/frame_00014.png",
            "transform_matrix": [
                [
                    -0.11627695916368651,
                    -0.9924855191882795,
                    0.03810725612291417,
                    -0.38475827004378577
                ],
                [
                    0.978400370276211,
                    -0.10785562408828905,
                    0.17635158007769317,
                    -2.0780739018802317
                ],
                [
                    -0.1709163076216536,
                    0.05778977897601516,
                    0.983589323465278,
                    2.227365037303734
                ],
                [
                    0.0,
                    0.0,
                    0.0,
                    1.0
                ]
            ],
            "colmap_im_id": 14
        },
        {
            "file_path": "images/frame_00015.png",
            "transform_matrix": [
                [
                    -0.1082026528267634,
                    -0.9927495519354639,
                    0.052349909772477866,
                    -0.39490035952735586
                ],
                [
                    0.9774679872668285,
                    -0.09664126455409472,
                    0.18766139681330474,
                    -1.9929844652520128
                ],
                [
                    -0.18124160612228654,
                    0.0714758219072795,
                    0.9808377475876899,
                    2.168818928309953
                ],
                [
                    0.0,
                    0.0,
                    0.0,
                    1.0
                ]
            ],
            "colmap_im_id": 15
        },
        {
            "file_path": "images/frame_00016.png",
            "transform_matrix": [
                [
                    -0.09905198889487792,
                    -0.9926757093666357,
                    0.06916385999505442,
                    -0.4020327452003171
                ],
                [
                    0.9761068061655516,
                    -0.08341921366128269,
                    0.20064081775506054,
                    -1.9123184643389939
                ],
                [
                    -0.19340167127834013,
                    0.08738518653398743,
                    0.9772203552531871,
                    2.092592982165584
                ],
                [
                    0.0,
                    0.0,
                    0.0,
                    1.0
                ]
            ],
            "colmap_im_id": 16
        },
        {
            "file_path": "images/frame_00017.png",
            "transform_matrix": [
                [
                    -0.09272331139863238,
                    -0.9924570515994996,
                    0.0801959366408339,
                    -0.40552088819533455
                ],
                [
                    0.9750214956282542,
                    -0.0741770603020499,
                    0.20935817822045655,
                    -1.8624023055076129
                ],
                [
                    -0.20183030145673028,
                    0.09760514563984034,
                    0.9745449014583734,
                    2.024465421092317
                ],
                [
                    0.0,
                    0.0,
                    0.0,
                    1.0
                ]
            ],
            "colmap_im_id": 17
        },
        {
            "file_path": "images/frame_00018.png",
            "transform_matrix": [
                [
                    -0.08527859100730813,
                    -0.9924676591066066,
                    0.0879517341685795,
                    -0.42190577916700006
                ],
                [
                    0.9736711688447077,
                    -0.06428193211911702,
                    0.21870593993674153,
                    -1.813582942444861
                ],
                [
                    -0.21140486483614476,
                    0.10428700221257413,
                    0.9718190182812467,
                    1.9359620007289624
                ],
                [
                    0.0,
                    0.0,
                    0.0,
                    1.0
                ]
            ],
            "colmap_im_id": 18
        },
        {
            "file_path": "images/frame_00019.png",
            "transform_matrix": [
                [
                    -0.07883581575513307,
                    -0.9927568786198786,
                    0.09065701355735617,
                    -0.4116768655176373
                ],
                [
                    0.9723798531628137,
                    -0.05653834528184042,
                    0.22645272503517475,
                    -1.7662805210623809
                ],
                [
                    -0.2196869029261594,
                    0.10600563883920205,
                    0.9697940344305098,
                    1.8525974906319396
                ],
                [
                    0.0,
                    0.0,
                    0.0,
                    1.0
                ]
            ],
            "colmap_im_id": 19
        },
        {
            "file_path": "images/frame_00020.png",
            "transform_matrix": [
                [
                    -0.07475425607824372,
                    -0.9931859161143277,
                    0.08940658381982698,
                    -0.3923021248099141
                ],
                [
                    0.9708642953530939,
                    -0.05201704629987471,
                    0.23391611082346822,
                    -1.7002840241648873
                ],
                [
                    -0.22767152041203736,
                    0.10428788484948803,
                    0.9681372402024886,
                    1.7665591533847484
                ],
                [
                    0.0,
                    0.0,
                    0.0,
                    1.0
                ]
            ],
            "colmap_im_id": 20
        },
        {
            "file_path": "images/frame_00021.png",
            "transform_matrix": [
                [
                    -0.07277023192425766,
                    -0.993728679959643,
                    0.0848987866306421,
                    -0.38445060441255974
                ],
                [
                    0.9694895057790488,
                    -0.05050165089478018,
                    0.2398743034199317,
                    -1.6401838273185065
                ],
                [
                    -0.23408244600991646,
                    0.0997641913843203,
                    0.9670845436607118,
                    1.6860781593891505
                ],
                [
                    0.0,
                    0.0,
                    0.0,
                    1.0
                ]
            ],
            "colmap_im_id": 21
        },
        {
            "file_path": "images/frame_00022.png",
            "transform_matrix": [
                [
                    -0.07034756265847796,
                    -0.9945200446280259,
                    0.07733757987602594,
                    -0.37374593734769657
                ],
                [
                    0.9681518398016643,
                    -0.04939587384295928,
                    0.24544258541651534,
                    -1.5872664164917398
                ],
                [
                    -0.24027741366317493,
                    0.0921408078994298,
                    0.9663212902564944,
                    1.6052164870437382
                ],
                [
                    0.0,
                    0.0,
                    0.0,
                    1.0
                ]
            ],
            "colmap_im_id": 22
        },
        {
            "file_path": "images/frame_00023.png",
            "transform_matrix": [
                [
                    -0.0686050860645579,
                    -0.9950348303857788,
                    0.07210428895162259,
                    -0.3567138520746276
                ],
                [
                    0.9672250609924056,
                    -0.0486281197024087,
                    0.24922076029585855,
                    -1.544600983736255
                ],
                [
                    -0.24447704095540787,
                    0.08683888698821912,
                    0.965758760846794,
                    1.5313311881334728
                ],
                [
                    0.0,
                    0.0,
                    0.0,
                    1.0
                ]
            ],
            "colmap_im_id": 23
        },
        {
            "file_path": "images/frame_00024.png",
            "transform_matrix": [
                [
                    -0.0664211546717734,
                    -0.9954085672044127,
                    0.06892034930357387,
                    -0.34915989688872895
                ],
                [
                    0.9661895492663483,
                    -0.046917599802978285,
                    0.25352809256021,
                    -1.4969407282490799
                ],
                [
                    -0.24913045799451983,
                    0.08342974987848072,
                    0.964869676036435,
                    1.4411083283274084
                ],
                [
                    0.0,
                    0.0,
                    0.0,
                    1.0
                ]
            ],
            "colmap_im_id": 24
        },
        {
            "file_path": "images/frame_00025.png",
            "transform_matrix": [
                [
                    -0.06367616464555577,
                    -0.9957497545158983,
                    0.06654150913197224,
                    -0.3498265734788348
                ],
                [
                    0.9649210057294418,
                    -0.04441318840587002,
                    0.2587564905421836,
                    -1.4481396457620637
                ],
                [
                    -0.2547013913548854,
                    0.08068392080924774,
                    0.9636479160796917,
                    1.3718529957233914
                ],
                [
                    0.0,
                    0.0,
                    0.0,
                    1.0
                ]
            ],
            "colmap_im_id": 25
        },
        {
            "file_path": "images/frame_00026.png",
            "transform_matrix": [
                [
                    -0.06032158828040574,
                    -0.9961087166044499,
                    0.06425519972706265,
                    -0.3503140629688615
                ],
                [
                    0.9631418504321837,
                    -0.041177936636978,
                    0.2658235382361579,
                    -1.3958980517412314
                ],
                [
                    -0.2621432469727158,
                    0.07792176999373486,
                    0.9618779110820902,
                    1.3159027294163477
                ],
                [
                    0.0,
                    0.0,
                    0.0,
                    1.0
                ]
            ],
            "colmap_im_id": 26
        },
        {
            "file_path": "images/frame_00027.png",
            "transform_matrix": [
                [
                    -0.05648780682088937,
                    -0.9964193504085894,
                    0.06290950494075359,
                    -0.3392259017372417
                ],
                [
                    0.9603313852122074,
                    -0.0369914734066826,
                    0.2763969273917592,
                    -1.3162438233119556
                ],
                [
                    -0.27308013156758326,
                    0.0760270282631612,
                    0.9589823422339453,
                    1.2485352741857147
                ],
                [
                    0.0,
                    0.0,
                    0.0,
                    1.0
                ]
            ],
            "colmap_im_id": 27
        },
        {
            "file_path": "images/frame_00028.png",
            "transform_matrix": [
                [
                    -0.053212546358476956,
                    -0.9968465662979172,
                    0.05886720793531115,
                    -0.341465989397881
                ],
                [
                    0.9572227614942906,
                    -0.03412944393487856,
                    0.2873321526281743,
                    -1.2325779394499676
                ],
                [
                    -0.2844169646615536,
                    0.07163870683330487,
                    0.9560203375953673,
                    1.1863828241245125
                ],
                [
                    0.0,
                    0.0,
                    0.0,
                    1.0
                ]
            ],
            "colmap_im_id": 28
        },
        {
            "file_path": "images/frame_00029.png",
            "transform_matrix": [
                [
                    -0.048794672181025636,
                    -0.9973026893835945,
                    0.054830882858072416,
                    -0.34307658863027046
                ],
                [
                    0.9533666037033851,
                    -0.03013441844144705,
                    0.300306569638875,
                    -1.1507709938325905
                ],
                [
                    -0.29784425277285265,
                    0.0669272931877959,
                    0.9522654769111059,
                    1.12388048235529
                ],
                [
                    0.0,
                    0.0,
                    0.0,
                    1.0
                ]
            ],
            "colmap_im_id": 29
        },
        {
            "file_path": "images/frame_00030.png",
            "transform_matrix": [
                [
                    -0.043532432015400586,
                    -0.9976710855696165,
                    0.052510307380241227,
                    -0.33635577511245895
                ],
                [
                    0.9490786098230904,
                    -0.024882515547684513,
                    0.3140551747643864,
                    -1.0759542948583185
                ],
                [
                    -0.3120171785961384,
                    0.06350799507433791,
                    0.947951483369557,
                    1.0560124522336234
                ],
                [
                    0.0,
                    0.0,
                    0.0,
                    1.0
                ]
            ],
            "colmap_im_id": 30
        },
        {
            "file_path": "images/frame_00031.png",
            "transform_matrix": [
                [
                    -0.0378376720759499,
                    -0.9979550317993531,
                    0.05151761910477708,
                    -0.32748564785510703
                ],
                [
                    0.9446249769522518,
                    -0.018903537533579505,
                    0.32760694312952876,
                    -1.0014677374926402
                ],
                [
                    -0.32596313210213007,
                    0.06106071384342442,
                    0.9434085147671185,
                    0.9816513850631621
                ],
                [
                    0.0,
                    0.0,
                    0.0,
                    1.0
                ]
            ],
            "colmap_im_id": 31
        },
        {
            "file_path": "images/frame_00032.png",
            "transform_matrix": [
                [
                    -0.02857130810603781,
                    -0.9981520289184799,
                    0.053630285464763575,
                    -0.3377841048657693
                ],
                [
                    0.9387977586431272,
                    -0.008369639588954675,
                    0.3443671260439818,
                    -0.91649494562421
                ],
                [
                    -0.34328187939323346,
                    0.06018701104950448,
                    0.9373020190851912,
                    0.8961444597589154
                ],
                [
                    0.0,
                    0.0,
                    0.0,
                    1.0
                ]
            ],
            "colmap_im_id": 32
        },
        {
            "file_path": "images/frame_00033.png",
            "transform_matrix": [
                [
                    -0.023247029632846975,
                    -0.9979503782735848,
                    0.05962061821935635,
                    -0.341560167829883
                ],
                [
                    0.9346042881011059,
                    -0.0005214536737989344,
                    0.3556888425985429,
                    -0.8615424318624558
                ],
                [
                    -0.35492872562850486,
                    0.06399039451101074,
                    0.9327008250956201,
                    0.8498163328284714
                ],
                [
                    0.0,
                    0.0,
                    0.0,
                    1.0
                ]
            ],
            "colmap_im_id": 33
        },
        {
            "file_path": "images/frame_00034.png",
            "transform_matrix": [
                [
                    -0.018590625686517093,
                    -0.9973826600013811,
                    0.06987287145347185,
                    -0.3380956599486113
                ],
                [
                    0.9291020127211899,
                    0.008583549845795365,
                    0.3697239140622076,
                    -0.7825500780475418
                ],
                [
                    -0.36935597814847637,
                    0.07179242439571419,
                    0.9265106632982525,
                    0.7936223676671138
                ],
                [
                    0.0,
                    0.0,
                    0.0,
                    1.0
                ]
            ],
            "colmap_im_id": 34
        },
        {
            "file_path": "images/frame_00035.png",
            "transform_matrix": [
                [
                    -0.014022312563675145,
                    -0.9963442447261429,
                    0.0842705212482895,
                    -0.340277917008221
                ],
                [
                    0.9213986047737147,
                    0.01985878582695187,
                    0.3881111177826927,
                    -0.6840710372482937
                ],
                [
                    -0.38836578875001143,
                    0.08308895610471387,
                    0.9177517308629879,
                    0.7155602919358469
                ],
                [
                    0.0,
                    0.0,
                    0.0,
                    1.0
                ]
            ],
            "colmap_im_id": 35
        },
        {
            "file_path": "images/frame_00036.png",
            "transform_matrix": [
                [
                    -0.010025847980671394,
                    -0.9952332654428792,
                    0.09700633859790847,
                    -0.33739169157510907
                ],
                [
                    0.9147911410178712,
                    0.030046606742677513,
                    0.4028081053534945,
                    -0.6267572691995833
                ],
                [
                    -0.403802737345216,
                    0.09277903200160306,
                    0.9101293317618965,
                    0.6559293504657681
                ],
                [
                    0.0,
                    0.0,
                    0.0,
                    1.0
                ]
            ],
            "colmap_im_id": 36
        },
        {
            "file_path": "images/frame_00037.png",
            "transform_matrix": [
                [
                    -0.006058253597228818,
                    -0.9934881761074826,
                    0.11377408095862253,
                    -0.32611549644236354
                ],
                [
                    0.9052771664625822,
                    0.04288164201604081,
                    0.4226516493041124,
                    -0.5681528506118791
                ],
                [
                    -0.4247782356063337,
                    0.10555760850187755,
                    0.8991223731186618,
                    0.567916397908839
                ],
                [
                    0.0,
                    0.0,
                    0.0,
                    1.0
                ]
            ],
            "colmap_im_id": 37
        },
        {
            "file_path": "images/frame_00038.png",
            "transform_matrix": [
                [
                    -0.0032771252965070195,
                    -0.992645108374628,
                    0.12101631819599395,
                    -0.3183706418362592
                ],
                [
                    0.8987240206099809,
                    0.050142920692305464,
                    0.4356384077225925,
                    -0.5282447876493624
                ],
                [
                    -0.4385024460917198,
                    0.11018791369459822,
                    0.8919496782034344,
                    0.4974216451107464
                ],
                [
                    0.0,
                    0.0,
                    0.0,
                    1.0
                ]
            ],
            "colmap_im_id": 38
        },
        {
            "file_path": "images/frame_00039.png",
            "transform_matrix": [
                [
                    0.00016486904782066317,
                    -0.9922863402579049,
                    0.12396689782264707,
                    -0.3129801442237795
                ],
                [
                    0.8918726257316729,
                    0.056214479468609524,
                    0.44877962494810797,
                    -0.4796638055569615
                ],
                [
                    -0.4522866262545116,
                    0.11048869279544775,
                    0.8850022917911937,
                    0.4161418640150843
                ],
                [
                    0.0,
                    0.0,
                    0.0,
                    1.0
                ]
            ],
            "colmap_im_id": 39
        },
        {
            "file_path": "images/frame_00040.png",
            "transform_matrix": [
                [
                    0.0037695836930613977,
                    -0.9925264210968764,
                    0.12197169205765318,
                    -0.30102652799500923
                ],
                [
                    0.8864964675908125,
                    0.059756339103704315,
                    0.45886075544323307,
                    -0.4143562532718827
                ],
                [
                    -0.4627200051735308,
                    0.10639776013407927,
                    0.8800964228143748,
                    0.34382097629254227
                ],
                [
                    0.0,
                    0.0,
                    0.0,
                    1.0
                ]
            ],
            "colmap_im_id": 40
        },
        {
            "file_path": "images/frame_00041.png",
            "transform_matrix": [
                [
                    0.007253806824553607,
                    -0.9933796238242563,
                    0.11464861646496757,
                    -0.2880359728831373
                ],
                [
                    0.8812382736463856,
                    0.06053804169898174,
                    0.46877953300884456,
                    -0.31372143750656845
                ],
                [
                    -0.47261663888112326,
                    0.09763231267378399,
                    0.8758432760344046,
                    0.23810295453240887
                ],
                [
                    0.0,
                    0.0,
                    0.0,
                    1.0
                ]
            ],
            "colmap_im_id": 41
        },
        {
            "file_path": "images/frame_00042.png",
            "transform_matrix": [
                [
                    0.010372064826622344,
                    -0.9940060712448016,
                    0.10883175363701005,
                    -0.2849029480098812
                ],
                [
                    0.8782040056220898,
                    0.0611012535492096,
                    0.474367327420462,
                    -0.251261361351278
                ],
                [
                    -0.4781737600292899,
                    0.090656313311262,
                    0.8735738595426614,
                    0.16960729550928136
                ],
                [
                    0.0,
                    0.0,
                    0.0,
                    1.0
                ]
            ],
            "colmap_im_id": 42
        },
        {
            "file_path": "images/frame_00043.png",
            "transform_matrix": [
                [
                    0.015957810175322093,
                    -0.9943246853266433,
                    0.10518444963244425,
                    -0.27692753914217144
                ],
                [
                    0.8743264029036055,
                    0.06491212901761406,
                    0.4809779170523765,
                    -0.1911298452558651
                ],
                [
                    -0.4850759625873566,
                    0.08429018718968681,
                    0.8704001808728424,
                    0.08656312977882223
                ],
                [
                    0.0,
                    0.0,
                    0.0,
                    1.0
                ]
            ],
            "colmap_im_id": 43
        },
        {
            "file_path": "images/frame_00044.png",
            "transform_matrix": [
                [
                    0.018772937854400953,
                    -0.9940903187074854,
                    0.10692060164610495,
                    -0.26597431466703075
                ],
                [
                    0.8715171691442343,
                    0.06868013823501329,
                    0.48553152575176795,
                    -0.15365785252351763
                ],
                [
                    -0.4900055108783319,
                    0.0840682869105213,
                    0.8676561084005547,
                    0.025863864740075276
                ],
                [
                    0.0,
                    0.0,
                    0.0,
                    1.0
                ]
            ],
            "colmap_im_id": 44
        },
        {
            "file_path": "images/frame_00045.png",
            "transform_matrix": [
                [
                    0.021672471119187124,
                    -0.993578627667093,
                    0.11104870390402684,
                    -0.2604344572646581
                ],
                [
                    0.8673616512146829,
                    0.07392599626237072,
                    0.4921572036237553,
                    -0.104443808658661
                ],
                [
                    -0.49720626504271503,
                    0.0856531244018114,
                    0.8633941581239016,
                    -0.04958506658567734
                ],
