{
    "fl_x": 308.69390272,
    "fl_y": 308.69390808,
    "cx": 320.0,
    "cy": 180.0,
    "w": 640,
    "h": 360,
    "aabb_scale": 4.0,
    "frames": [
        {
            "file_path": "images/45979267.png",
            "transform_matrix": [
                [
                    0.9999464805569017,
                    0.0017511024854489153,
                    -0.010193881081399424,
                    0.02770069761693363
                ],
                [
                    0.0017590724330084813,
                    -0.9999981563237694,
                    0.0007728765810541088,
                    -0.009711413545042888
                ],
                [
                    -0.010192509677304977,
                    -0.0007907664429077329,
                    -0.9999477577105125,
                    0.3473088445139495
                ],
                [
                    0.0,
                    0.0,
                    0.0,
                    1.0
                ]
            ]
        },
        {
            "file_path": "images/46012633.png",
            "transform_matrix": [
                [
                    0.9999349037935367,
                    0.0017676212106431458,
                    -0.01127455031054198,
                    0.027422848863765604
                ],
                [
                    0.0017753288266816269,
                    -0.9999981823661148,
                    0.000673674820463079,
                    -0.010995525059410125
                ],
                [
                    -0.011273339054662995,
                    -0.0006936471479601046,
                    -0.9999362036121695,
                    0.36428990962656493
                ],
                [
                    0.0,
                    0.0,
                    0.0,
                    1.0
                ]
            ]
        },
        {
            "file_path": "images/46046000.png",
            "transform_matrix": [
                [
                    0.9999230425785738,
                    0.0018529262885518519,
                    -0.012268951087673615,
                    0.02739665865993273
                ],
                [
                    0.0018615967757420757,
                    -0.9999980179556266,
                    0.0006953396926538811,
                    -0.012095243764156572
                ],
                [
                    -0.012267638810280704,
                    -0.000718126315827365,
                    -0.9999245026412973,
                    0.38086903127891186
                ],
                [
                    0.0,
                    0.0,
                    0.0,
                    1.0
                ]
            ]
        },
        {
            "file_path": "images/46079367.png",
            "transform_matrix": [
                [
                    0.9999091720499732,
                    0.0017713389203603868,
                    -0.01336110283242756,
                    0.027203857913722675
                ],
                [
                    0.0017809871242973378,
                    -0.9999981716411495,
                    0.000710239575542936,
                    -0.013161164627650468
                ],
                [
                    -0.01335981956140613,
                    -0.0007339714509460324,
                    -0.9999104944885967,
                    0.39729711431551223
                ],
                [
                    0.0,
                    0.0,
                    0.0,
                    1.0
                ]
            ]
        },
        {
            "file_path": "images/46112733.png",
            "transform_matrix": [
                [
                    0.9998910167774584,
                    0.0018516627873292394,
                    -0.014645808041789094,
                    0.027135603464607923
                ],
                [
                    0.0018598482626648984,
                    -0.9999981506325101,
                    0.0005452784566817853,
                    -0.014156894625378594
                ],
                [
                    -0.014644770681976024,
                    -0.0005724585758734306,
                    -0.9998925994428444,
                    0.41345325089112045
                ],
                [
                    0.0,
                    0.0,
                    0.0,
                    1.0
                ]
            ]
        },
        {
            "file_path": "images/46146100.png",
            "transform_matrix": [
                [
                    0.9998696823298823,
                    0.0018379285208396583,
                    -0.01603803893468675,
                    0.026841634451504302
                ],
                [
                    0.001845082424134373,
                    -0.9999981976405398,
                    0.0004313076835920187,
                    -0.015090966302147102
                ],
                [
                    -0.016037217928455184,
                    -0.0004608422977160395,
                    -0.9998712646975898,
                    0.4291815456099769
                ],
                [
                    0.0,
                    0.0,
                    0.0,
                    1.0
                ]
            ]
        },
        {
            "file_path": "images/46179467.png",
            "transform_matrix": [
                [
                    0.9998485212397494,
                    0.0019198309875444932,
                    -0.01729985732839169,
                    0.026343592848999887
                ],
                [
                    0.0019287750166105237,
                    -0.9999979964937878,
                    0.0005003292603642113,
                    -0.015502383551588925
                ],
                [
                    -0.017298862544458928,
                    -0.0005336207280508007,
                    -0.999850228179138,
                    0.44488561095490864
                ],
                [
                    0.0,
                    0.0,
                    0.0,
                    1.0
                ]
            ]
        },
        {
            "file_path": "images/46212833.png",
            "transform_matrix": [
                [
                    0.9998274722081628,
                    0.0019830420399253017,
                    -0.018467851885502196,
                    0.026147129110103223
                ],
                [
                    0.001991434923752449,
                    -0.9999979300633074,
                    0.0004360287017288947,
                    -0.016207145082477007
                ],
                [
                    -0.018466949806774196,
                    -0.00047273129698410224,
                    -0.9998293671868458,
                    0.46045669889271207
                ],
                [
                    0.0,
                    0.0,
                    0.0,
                    1.0
                ]
            ]
        },
        {
            "file_path": "images/46246200.png",
            "transform_matrix": [
                [
                    0.9998039934751397,
                    0.0020964536991179236,
                    -0.019686365419330623,
                    0.026101797623775534
                ],
                [
                    0.0021075832893022433,
                    -0.9999976454413421,
                    0.0005446501071232917,
                    -0.016522973169899598
                ],
                [
                    -0.01968517746537723,
                    -0.0005860349362301834,
                    -0.9998060667467897,
                    0.47583070447331594
                ],
                [
                    0.0,
                    0.0,
                    0.0,
                    1.0
                ]
            ]
        },
        {
            "file_path": "images/46279567.png",
            "transform_matrix": [
                [
                    0.9997736690239943,
                    0.0022322515569568593,
                    -0.021158327537324745,
                    0.025806866455914793
                ],
                [
                    0.002245281498778334,
                    -0.9999972901552232,
                    0.0005920726195269869,
                    -0.016651026697450264
                ],
                [
                    -0.02115694814597813,
                    -0.000639444371802164,
                    -0.9997759784658097,
                    0.4911360142883538
                ],
                [
                    0.0,
                    0.0,
                    0.0,
                    1.0
                ]
            ]
        },
        {
            "file_path": "images/46312933.png",
            "transform_matrix": [
                [
                    0.9997433708123118,
                    0.0022996518939733743,
                    -0.0225360358644522,
                    0.02543079512483824
                ],
                [
                    0.002310043925128684,
                    -0.9999972163714193,
                    0.0004351063966844142,
                    -0.016710605145962967
                ],
                [
                    -0.0225349731507532,
                    -0.0004870545578980388,
                    -0.999745908195875,
                    0.5066549178409078
                ],
                [
                    0.0,
                    0.0,
                    0.0,
                    1.0
                ]
            ]
        },
        {
            "file_path": "images/46346300.png",
            "transform_matrix": [
                [
                    0.9997125768612931,
                    0.0022892663892519517,
                    -0.02386572350856798,
                    0.02529082673150365
                ],
                [
                    0.0022989588418463967,
                    -0.9999973133958009,
                    0.0003786645486049115,
                    -0.016592977813940223
                ],
                [
                    -0.02386479322168735,
                    -0.0004334224688809935,
                    -0.9997151126754252,
                    0.5220772619622558
                ],
                [
                    0.0,
                    0.0,
                    0.0,
                    1.0
                ]
            ]
        },
        {
            "file_path": "images/46379667.png",
            "transform_matrix": [
                [
                    0.9996823911600874,
                    0.0024128590074804315,
                    -0.025086232288917546,
                    0.025440683758116454
                ],
                [
                    0.00242331921270522,
                    -0.9999970180764334,
                    0.00038657384370327437,
                    -0.016398072570244695
                ],
                [
                    -0.02508522472721892,
                    -0.0004472421698389484,
                    -0.9996852044038582,
                    0.5378139017849495
                ],
                [
                    0.0,
                    0.0,
                    0.0,
                    1.0
                ]
            ]
        },
        {
            "file_path": "images/46413033.png",
            "transform_matrix": [
                [
                    0.9996500451778502,
                    0.0024538064024763246,
                    -0.026339138053124003,
                    0.02552612737156584
                ],
                [
                    0.002465514425374203,
                    -0.9999968504654508,
                    0.00041202464832469367,
                    -0.016233256115036013
                ],
                [
                    -0.026338044413560822,
                    -0.000476820313004513,
                    -0.9996529776205499,
                    0.5535841579685339
                ],
                [
                    0.0,
                    0.0,
                    0.0,
                    1.0
                ]
            ]
        },
        {
            "file_path": "images/46446400.png",
            "transform_matrix": [
                [
                    0.9996155891628881,
                    0.0024622965433539453,
                    -0.0276150354508289,
                    0.02572872516469627
                ],
                [
                    0.002475557377563649,
                    -0.9999968316462595,
                    0.0004460468541151125,
                    -0.01640158740370203
                ],
                [
                    -0.027613849121361507,
                    -0.0005142381584207101,
                    -0.9996185353543195,
                    0.5698087814310674
                ],
                [
                    0.0,
                    0.0,
                    0.0,
                    1.0
                ]
            ]
        },
        {
            "file_path": "images/46479767.png",
            "transform_matrix": [
                [
                    0.9995755050347921,
                    0.002519670244371944,
                    -0.029024318517947297,
                    0.02586987058249186
                ],
                [
                    0.0025381546215133104,
                    -0.999996594748847,
                    0.0006000104666562803,
                    -0.016144266782304743
                ],
                [
                    -0.029022706430929156,
                    -0.0006734234910012559,
                    -0.9995785152966926,
                    0.5861292483055907
                ],
                [
                    0.0,
                    0.0,
                    0.0,
                    1.0
                ]
            ]
        },
        {
            "file_path": "images/46513133.png",
            "transform_matrix": [
                [
                    0.9995328619172349,
                    0.0025211484843280026,
                    -0.03045890120163509,
                    0.02611742170431479
                ],
                [
                    0.002542857615135482,
                    -0.9999965365388627,
                    0.0006740352276697143,
                    -0.016130508788303865
                ],
                [
                    -0.030457096727108942,
                    -0.0007511727727487019,
                    -0.99953578653204,
                    0.6028756499900431
                ],
                [
                    0.0,
                    0.0,
                    0.0,
                    1.0
                ]
            ]
        },
        {
            "file_path": "images/46546500.png",
            "transform_matrix": [
                [
                    0.9994891203825665,
                    0.0026126462240521485,
                    -0.03185472929489466,
                    0.026826604935986088
                ],
                [
                    0.0026363287663763633,
                    -0.9999962526765009,
                    0.0007014838147777526,
                    -0.016314258937627963
                ],
                [
                    -0.03185277476329994,
                    -0.0007851051081993325,
                    -0.9994922384502026,
                    0.6198776960034307
                ],
                [
                    0.0,
                    0.0,
                    0.0,
                    1.0
                ]
            ]
        },
        {
            "file_path": "images/46579867.png",
            "transform_matrix": [
                [
                    0.9994317657545467,
                    0.002673470302618149,
                    -0.033600222220391385,
                    0.027155866289285114
                ],
                [
                    0.002698792515115099,
                    -0.9999960887941911,
                    0.0007083134156877538,
                    -0.016513796217904168
                ],
                [
                    -0.0335981963246357,
                    -0.0007985915281088028,
                    -0.9994350772562316,
                    0.6374146932610497
                ],
                [
                    0.0,
                    0.0,
                    0.0,
                    1.0
                ]
            ]
        },
        {
            "file_path": "images/46613233.png",
            "transform_matrix": [
                [
                    0.9993777933664707,
                    0.002941983550263622,
                    -0.03514793173312079,
                    0.027538387198591387
                ],
                [
                    0.0029686194409702478,
                    -0.9999953383404224,
                    0.0007056471991857952,
                    -0.016649944774066606
                ],
                [
                    -0.03514569447804235,
                    -0.0008095487391853294,
                    -0.99938184275924,
                    0.6551213861019086
                ],
                [
                    0.0,
                    0.0,
                    0.0,
                    1.0
                ]
            ]
        },
        {
            "file_path": "images/46646600.png",
            "transform_matrix": [
                [
                    0.9993287682398477,
                    0.0030652190666900026,
                    -0.03650552913599004,
                    0.02784829208558192
                ],
                [
                    0.003092430958673037,
                    -0.9999949691536278,
                    0.0006889786493200769,
                    -0.016865847429703235
                ],
                [
                    -0.036503233957088696,
                    -0.0008014073503346643,
                    -0.9993332240879728,
                    0.6728904244952036
                ],
                [
                    0.0,
                    0.0,
                    0.0,
                    1.0
                ]
            ]
        },
        {
            "file_path": "images/46679967.png",
            "transform_matrix": [
                [
                    0.9992866736915708,
                    0.003080607369115945,
                    -0.03763796468890829,
                    0.028415376906921846
                ],
                [
                    0.0031005707139748783,
                    -0.9999951106009201,
                    0.0004720545805269859,
                    -0.017293916828053705
                ],
                [
                    -0.037636325039194236,
                    -0.0005884164913755487,
                    -0.9992913575905857,
                    0.6910998221571795
                ],
                [
                    0.0,
                    0.0,
                    0.0,
                    1.0
                ]
            ]
        },
        {
            "file_path": "images/46713333.png",
            "transform_matrix": [
                [
                    0.9992457086339194,
                    0.0031303203808968703,
                    -0.03870607880479327,
                    0.02937821431424486
                ],
                [
                    0.0031457784413471213,
                    -0.9999949964993203,
                    0.00033845953283218017,
                    -0.017519494941507313
                ],
                [
                    -0.03870482436234477,
                    -0.00045996543671142473,
                    -0.9992505722731047,
                    0.7095028156631994
                ],
                [
                    0.0,
                    0.0,
                    0.0,
                    1.0
                ]
            ]
        },
        {
            "file_path": "images/46746700.png",
            "transform_matrix": [
                [
                    0.9992064754815523,
                    0.0032412759437369346,
                    -0.03969768051374964,
                    0.030367694569495896
                ],
                [
                    0.003253040976955333,
                    -0.9999946689618442,
                    0.00023179974426519153,
                    -0.0180641867715391
                ],
                [
                    -0.039696720636447816,
                    -0.0003607532837937266,
                    -0.999211689890485,
                    0.7280501123868836
                ],
                [
                    0.0,
                    0.0,
                    0.0,
                    1.0
                ]
            ]
        },
        {
            "file_path": "images/46780067.png",
            "transform_matrix": [
                [
                    0.9991604143935969,
                    0.003311473987282459,
                    -0.04083510591863373,
                    0.03135810819071098
                ],
                [
                    0.0033326750610109413,
                    -0.9999943517324607,
                    0.0004511236377350723,
                    -0.018603805418721118
                ],
                [
                    -0.04083338129307781,
                    -0.0005868353938364965,
                    -0.9991658217554121,
                    0.7466573124260887
                ],
                [
                    0.0,
                    0.0,
                    0.0,
                    1.0
                ]
            ]
        },
        {
            "file_path": "images/46813433.png",
            "transform_matrix": [
                [
                    0.9991036797288116,
                    0.0033257320050665345,
                    -0.04219942273159801,
                    0.03182376119368973
                ],
                [
                    0.0033539388793559,
                    -0.9999941758879102,
                    0.0005976383798220204,
                    -0.019609989192626194
                ],
                [
                    -0.04219719278812052,
                    -0.0007386376015452282,
                    -0.9991090276237328,
                    0.7647953035535651
                ],
                [
                    0.0,
                    0.0,
                    0.0,
                    1.0
                ]
            ]
        },
        {
            "file_path": "images/46846800.png",
            "transform_matrix": [
                [
                    0.9990429299957889,
                    0.0033821677547881336,
                    -0.0436087943629829,
                    0.032547753099726434
                ],
                [
                    0.003418143156910032,
                    -0.9999938921406724,
                    0.0007504130748649362,
                    -0.02081429386384283
                ],
                [
                    -0.04360598924646289,
                    -0.0008987559255930153,
                    -0.9990483923246474,
                    0.7827664615297086
                ],
                [
                    0.0,
                    0.0,
                    0.0,
                    1.0
                ]
            ]
        },
        {
            "file_path": "images/46880167.png",
            "transform_matrix": [
                [
                    0.9989766956530152,
                    0.0034203630015896646,
                    -0.045098240686879856,
                    0.03289375834912599
                ],
                [
                    0.003460209003778208,
                    -0.999993696039896,
                    0.0008055249416866096,
                    -0.021758196196010837
                ],
                [
                    -0.04509520008387572,
                    -0.0009607500793882586,
                    -0.9989822129505967,
                    0.800594627969606
                ],
                [
                    0.0,
                    0.0,
                    0.0,
                    1.0
                ]
            ]
        },
        {
            "file_path": "images/46913533.png",
            "transform_matrix": [
                [
                    0.9989229663018314,
                    0.003566485309722372,
                    -0.0462617547371285,
                    0.033962573416972196
                ],
                [
                    0.0035995015796147414,
                    -0.9999933221602069,
                    0.0006303856795752946,
                    -0.022657836578745427
                ],
                [
                    -0.04625919644452936,
                    -0.0007962252998688938,
                    -0.9989291629837512,
                    0.8178411125032772
                ],
                [
                    0.0,
                    0.0,
                    0.0,
                    1.0
                ]
            ]
        },
        {
            "file_path": "images/46946900.png",
            "transform_matrix": [
                [
                    0.9988603697052318,
                    0.0037275937207576332,
                    -0.04758232333327341,
                    0.03448650979515292
                ],
                [
                    0.003747356446146457,
                    -0.9999929438918347,
                    0.00032615277622978316,
                    -0.023322112693571546
                ],
                [
                    -0.0475807725551416,
                    -0.0005040892700447926,
                    -0.9988672599659743,
                    0.8351401088558741
                ],
                [
                    0.0,
                    0.0,
                    0.0,
                    1.0
                ]
            ]
        },
        {
            "file_path": "images/46980267.png",
            "transform_matrix": [
                [
                    0.9988055662202514,
                    0.0037937757012554544,
                    -0.04871377010097797,
                    0.03537873153374743
                ],
                [
                    0.0038077622937685374,
                    -0.9999927351365462,
                    0.00019431464691636727,
                    -0.024474470180235026
                ],
                [
                    -0.04871267958557892,
                    -0.000379572358253792,
                    -0.9988127863121526,
                    0.8529536729194533
                ],
                [
                    0.0,
                    0.0,
                    0.0,
                    1.0
                ]
            ]
        },
        {
            "file_path": "images/47013633.png",
            "transform_matrix": [
                [
                    0.9987432389850286,
                    0.003822625967274057,
                    -0.04997272449999172,
                    0.035467349055956984
                ],
                [
                    0.0038574918877206476,
                    -0.9999923871684411,
                    0.0006012732714596855,
                    -0.0247328183123767
                ],
                [
                    -0.049970043939522375,
                    -0.0007932867548828054,
                    -0.9987504148062465,
                    0.8706244226341421
                ],
                [
                    0.0,
                    0.0,
                    0.0,
                    1.0
                ]
            ]
        },
        {
            "file_path": "images/47047000.png",
            "transform_matrix": [
                [
                    0.9986983697343701,
                    0.0039078778334957045,
                    -0.05085578064631956,
                    0.03581383741786106
                ],
                [
                    0.003946414136319917,
                    -0.999991980628039,
                    0.000657361652059406,
                    -0.024985010100760232
                ],
                [
                    -0.050852805854148676,
                    -0.0008572033006433976,
                    -0.9987057784056875,
                    0.8882012366080823
                ],
                [
                    0.0,
                    0.0,
                    0.0,
                    1.0
                ]
            ]
        },
        {
            "file_path": "images/47080367.png",
            "transform_matrix": [
                [
                    0.9986602120141496,
                    0.003913471203974128,
                    -0.05159856329077047,
                    0.036384560106890354
                ],
                [
                    0.003943863368110966,
                    -0.9999920764974431,
                    0.0004872160524240151,
                    -0.025403578255241643
                ],
                [
                    -0.051596249060242697,
                    -0.0006900609489908418,
                    -0.9986677990615461,
                    0.9061319227053919
                ],
                [
                    0.0,
                    0.0,
                    0.0,
                    1.0
                ]
            ]
        },
        {
            "file_path": "images/47113733.png",
            "transform_matrix": [
                [
                    0.9986164769547915,
                    0.003901593288292194,
                    -0.052439771520756975,
                    0.03704194348215985
                ],
                [
                    0.003929696757374347,
                    -0.999992178081963,
                    0.0004328274464185098,
                    -0.02558535527823999
                ],
                [
                    -0.05243767146000033,
                    -0.0006383005839985828,
                    -0.9986240228180638,
                    0.9245467188401232
                ],
                [
                    0.0,
                    0.0,
                    0.0,
                    1.0
                ]
            ]
        },
        {
            "file_path": "images/47147100.png",
            "transform_matrix": [
                [
                    0.9985682123884886,
                    0.004051154313361024,
                    -0.05333937429268645,
                    0.037356775900302897
                ],
                [
                    0.004095110596876978,
                    -0.9999913620167847,
                    0.000714825853759396,
                    -0.024854894402117293
                ],
                [
                    -0.05333601679581579,
                    -0.0009322332035415304,
                    -0.998576208998025,
                    0.943046033964246
                ],
                [
                    0.0,
                    0.0,
                    0.0,
                    1.0
                ]
            ]
        },
        {
            "file_path": "images/47180467.png",
            "transform_matrix": [
                [
                    0.9985206571225071,
                    0.004009062850023559,
                    -0.05422608979479693,
                    0.03807946306030929
                ],
                [
                    0.004049160407808047,
                    -0.9999916118348081,
                    0.0006296002874654966,
                    -0.024811824726205092
                ],
                [
                    -0.05422311100815842,
                    -0.0008482387171119323,
                    -0.998528488475157,
                    0.9619142412044749
                ],
                [
                    0.0,
                    0.0,
                    0.0,
                    1.0
                ]
            ]
        },
        {
            "file_path": "images/47213833.png",
            "transform_matrix": [
                [
                    0.9984535766442272,
                    0.004095744440520412,
                    -0.055440416633706156,
                    0.03848611145314745
                ],
                [
                    0.004135201227155353,
                    -0.9999912456111554,
                    0.0005970098928850913,
                    -0.0242807277792544
                ],
                [
                    -0.055437486448244346,
                    -0.0008253430645668629,
                    -0.9984617947062141,
                    0.9810051910825321
                ],
                [
                    0.0,
                    0.0,
                    0.0,
                    1.0
                ]
            ]
        },
        {
            "file_path": "images/47247200.png",
            "transform_matrix": [
                [
                    0.9983877484621597,
                    0.0041283745232478675,
                    -0.05661143556033208,
                    0.03873005119803368
                ],
                [
                    0.004166047437154926,
                    -0.9999911652424938,
                    0.0005474727133626398,
                    -0.023871660351724912
                ],
                [
                    -0.056608675700968475,
                    -0.0007824352800172637,
                    -0.9983961151784755,
                    1.000513672931181
                ],
                [
                    0.0,
                    0.0,
                    0.0,
                    1.0
                ]
            ]
        },
        {
            "file_path": "images/47280567.png",
            "transform_matrix": [
                [
                    0.9983205723723477,
                    0.004212862759854477,
                    -0.057777841748597424,
                    0.03882062882443682
                ],
                [
                    0.004242924022509125,
                    -0.9999908993924503,
                    0.00039763878769655736,
                    -0.02379965223727926
                ],
                [
                    -0.0577756400720218,
                    -0.0006421182179900637,
                    -0.9983293709782634,
                    1.0202479363926356
                ],
                [
                    0.0,
                    0.0,
                    0.0,
                    1.0
                ]
            ]
        },
        {
            "file_path": "images/47313933.png",
            "transform_matrix": [
                [
                    0.9982570986437808,
                    0.004233917211174499,
                    -0.05886286433021788,
                    0.03883277251197727
                ],
                [
                    0.004273700918653753,
                    -0.9999907308948437,
                    0.0005499993318066553,
                    -0.023384987344187768
                ],
                [
                    -0.0588599861155038,
                    -0.0008006026897994275,
                    -0.9982659318904268,
                    1.0403016804471552
                ],
                [
                    0.0,
                    0.0,
                    0.0,
                    1.0
                ]
            ]
        },
        {
            "file_path": "images/47347300.png",
            "transform_matrix": [
                [
                    0.9981981001405923,
                    0.004409085845603376,
                    -0.05984196702027492,
                    0.03907096789369505
                ],
                [
                    0.004453922157335418,
                    -0.9999899161458777,
                    0.0006158943030419773,
                    -0.02311596651080246
                ],
                [
                    -0.05983864514409646,
                    -0.0008813157563024094,
                    -0.9982076591649232,
                    1.0604306459764496
                ],
                [
                    0.0,
                    0.0,
                    0.0,
                    1.0
                ]
            ]
        },
        {
            "file_path": "images/47380667.png",
            "transform_matrix": [
                [
                    0.9981334779012946,
                    0.004399881346364327,
                    -0.06091189055309799,
                    0.03963685737975618
                ],
                [
                    0.004440125079737071,
                    -0.9999900231959457,
                    0.0005253511975718566,
                    -0.023293905123360298
                ],
                [
                    -0.060908966910657066,
                    -0.0007948268095325297,
                    -0.9981430004562244,
                    1.0808444024665609
                ],
                [
                    0.0,
                    0.0,
                    0.0,
                    1.0
                ]
            ]
        },
        {
            "file_path": "images/47414033.png",
            "transform_matrix": [
                [
                    0.998052958422099,
                    0.004532735269888399,
                    -0.062206839287406064,
                    0.0397159160569059
                ],
                [
                    0.004573695614076452,
                    -0.9999894248782032,
                    0.0005160626379788968,
                    -0.02327468385549876
                ],
                [
                    -0.062203842075251384,
                    -0.0007995733453653863,
                    -0.9980631442514287,
                    1.1014800069376656
                ],
                [
                    0.0,
                    0.0,
                    0.0,
                    1.0
                ]
            ]
        },
        {
            "file_path": "images/47447400.png",
            "transform_matrix": [
                [
                    0.9979772979675944,
                    0.004734229389472687,
                    -0.06339465169229588,
                    0.03972697600585122
                ],
                [
                    0.004773778472688149,
                    -0.9999884917350919,
                    0.00047240752399388197,
                    -0.023574430307579417
                ],
                [
                    -0.06339168586454799,
                    -0.0007740845294202834,
                    -0.9979884455747595,
                    1.1218752864319115
                ],
                [
                    0.0,
                    0.0,
                    0.0,
                    1.0
                ]
            ]
        },
        {
            "file_path": "images/47480767.png",
            "transform_matrix": [
                [
                    0.9979158370986726,
                    0.00494796296964193,
                    -0.06433873498378463,
                    0.039949249075068624
                ],
                [
                    0.004987624683519688,
                    -0.9999874326398263,
                    0.00045585257061039696,
                    -0.024220139117986816
                ],
                [
                    -0.06433567200730195,
                    -0.0007757993928839678,
                    -0.9979280031842519,
                    1.1420254715219111
                ],
                [
                    0.0,
                    0.0,
                    0.0,
                    1.0
                ]
            ]
        },
        {
            "file_path": "images/47514133.png",
            "transform_matrix": [
                [
                    0.997869254460353,
