{
     "orientation_override": "none",
     "frames": [
          {
               "fl_x": 0.7412567528356665,
               "fl_y": 1.1561430440558165,
               "cx": 0.5,
               "cy": 0.5008680555555556,
               "w": 896,
               "h": 576,
               "file_path": "./images/000.png",
               "transform_matrix": [
                    [
                         -0.5088460854164994,
                         -0.42302952872709504,
                         0.7497477436986633,
                         0.6466877892759644
                    ],
                    [
                         0.860856024589482,
                         -0.25166969280610857,
                         0.44225475763508904,
                         0.34097435716058555
                    ],
                    [
                         0.001601962639028264,
                         0.8704644642648036,
                         0.4922286563863306,
                         0.5789480474527217
                    ],
                    [
                         0.0,
                         0.0,
                         0.0,
                         1.0
                    ]
               ]
          },
          {
               "fl_x": 0.7412567528356665,
               "fl_y": 1.1561430440558165,
               "cx": 0.5,
               "cy": 0.5008680555555556,
               "w": 896,
               "h": 576,
               "file_path": "./images/001.png",
               "transform_matrix": [
                    [
                         0.272823368122468,
                         0.5650883304399841,
                         -0.7786158157954818,
                         -0.6349784367892889
                    ],
                    [
                         -0.9606585764948994,
                         0.2037462853987374,
                         -0.1887393721326025,
                         -0.2047393038938754
                    ],
                    [
                         0.05198566353433381,
                         0.799476472441039,
                         0.5984436989392802,
                         0.6712711479778087
                    ],
                    [
                         0.0,
                         0.0,
                         0.0,
                         1.0
                    ]
               ]
          },
          {
               "fl_x": 0.7412567528356665,
               "fl_y": 1.1561430440558165,
               "cx": 0.5,
               "cy": 0.5008680555555556,
               "w": 896,
               "h": 576,
               "file_path": "./images/002.png",
               "transform_matrix": [
                    [
                         0.9766746308162965,
                         -0.10956318239188581,
                         0.18466882407166996,
                         0.11698838551633735
                    ],
                    [
                         0.21470385258452054,
                         0.5102627907227,
                         -0.8327869716135374,
                         -0.587649133484529
                    ],
                    [
                         -0.0029868386658094903,
                         0.8530110160297143,
                         0.5218843601093447,
                         0.5230509116799585
                    ],
                    [
                         0.0,
                         0.0,
                         0.0,
                         1.0
                    ]
               ]
          },
          {
               "fl_x": 0.7412567528356665,
               "fl_y": 1.1561430440558165,
               "cx": 0.5,
               "cy": 0.5008680555555556,
               "w": 896,
               "h": 576,
               "file_path": "./images/003.png",
               "transform_matrix": [
                    [
                         -0.901757159691232,
                         0.2177908672076152,
                         -0.3733646516564699,
                         -0.3130532115912511
                    ],
                    [
                         -0.4302915077790621,
                         -0.3703218019753325,
                         0.8232320337031133,
                         0.6846172573624267
                    ],
                    [
                         0.04102734793797346,
                         0.9030110193916231,
                         0.42765389695228906,
                         0.5934184332157751
                    ],
                    [
                         0.0,
                         0.0,
                         0.0,
                         1.0
                    ]
               ]
          },
          {
               "fl_x": 0.7412567528356665,
               "fl_y": 1.1561430440558165,
               "cx": 0.5,
               "cy": 0.5008680555555556,
               "w": 896,
               "h": 576,
               "file_path": "./images/004.png",
               "transform_matrix": [
                    [
                         -0.8379047105754448,
                         -0.22417765480123986,
                         0.49765457406045843,
                         0.3767876431953338
                    ],
                    [
                         0.5458089854338053,
                         -0.3489365461127347,
                         0.7617977672628314,
                         0.5715656098046018
                    ],
                    [
                         0.002871831332058379,
                         0.9099382758598149,
                         0.4147337540037809,
                         0.4989615767233839
                    ],
                    [
                         0.0,
                         0.0,
                         0.0,
                         1.0
                    ]
               ]
          },
          {
               "fl_x": 0.7412567528356665,
               "fl_y": 1.1561430440558165,
               "cx": 0.5,
               "cy": 0.5008680555555556,
               "w": 896,
               "h": 576,
               "file_path": "./images/005.png",
               "transform_matrix": [
                    [
                         0.6111900392925156,
                         -0.28287436511666614,
                         0.7392082449685314,
                         0.5608142447679297
                    ],
                    [
                         0.7914778886859627,
                         0.21480150776155627,
                         -0.5722089338559588,
                         -0.47957815883505484
                    ],
                    [
                         0.003080193309574132,
                         0.9347953817939014,
                         0.35517334723479826,
                         0.45211323825165134
                    ],
                    [
                         0.0,
                         0.0,
                         0.0,
                         1.0
                    ]
               ]
          },
          {
               "fl_x": 0.7412567528356665,
               "fl_y": 1.1561430440558165,
               "cx": 0.5,
               "cy": 0.5008680555555556,
               "w": 896,
               "h": 576,
               "file_path": "./images/006.png",
               "transform_matrix": [
                    [
                         -0.9993823652528663,
                         0.023620242441377868,
                         -0.02601868883316705,
                         0.001264083666910051
                    ],
                    [
                         -0.03343834966582183,
                         -0.4115207001432652,
                         0.9107867972940885,
                         0.6993217999433103
                    ],
                    [
                         0.010805775919057905,
                         0.9110942857358993,
                         0.41205635258563855,
                         0.5023108088524598
                    ],
                    [
                         0.0,
                         0.0,
                         0.0,
                         1.0
                    ]
               ]
          },
          {
               "fl_x": 0.7412567528356665,
               "fl_y": 1.1561430440558165,
               "cx": 0.5,
               "cy": 0.5008680555555556,
               "w": 896,
               "h": 576,
               "file_path": "./images/007.png",
               "transform_matrix": [
                    [
                         -0.484241474063982,
                         0.4974141009331527,
                         -0.7197842780925445,
                         -0.6124038207792856
                    ],
                    [
                         -0.8724759424451424,
                         -0.2128971839209024,
                         0.4398414702287741,
                         0.3193127966055225
                    ],
                    [
                         0.06554330363051941,
                         0.8409839482840401,
                         0.5370754826630842,
                         0.6848480283444295
                    ],
                    [
                         0.0,
                         0.0,
                         0.0,
                         1.0
                    ]
               ]
          },
          {
               "fl_x": 0.7412567528356665,
               "fl_y": 1.1561430440558165,
               "cx": 0.5,
               "cy": 0.5008680555555556,
               "w": 896,
               "h": 576,
               "file_path": "./images/008.png",
               "transform_matrix": [
                    [
                         0.6324649205476324,
                         0.34894073558811467,
                         -0.6915406620900196,
                         -0.5257367184975552
                    ],
                    [
                         -0.7740531783441844,
                         0.3179207139314499,
                         -0.547510818841585,
                         -0.448290600749743
                    ],
                    [
                         0.02880627313525282,
                         0.8815706339826338,
                         0.47117238451283916,
                         0.5261657614207066
                    ],
                    [
                         0.0,
                         0.0,
                         0.0,
                         1.0
                    ]
               ]
          },
          {
               "fl_x": 0.7412567528356665,
               "fl_y": 1.1561430440558165,
               "cx": 0.5,
               "cy": 0.5008680555555556,
               "w": 896,
               "h": 576,
               "file_path": "./images/009.png",
               "transform_matrix": [
                    [
                         -0.5309610074387174,
                         0.2592341706443565,
                         -0.8067701366250458,
                         -0.669952714170413
                    ],
                    [
                         -0.8465235753098981,
                         -0.11906686768500868,
                         0.5188650281761411,
                         0.4104509895781129
                    ],
                    [
                         0.03844795214585202,
                         0.9584470385942114,
                         0.2826677009949618,
                         0.4440375216811554
                    ],
                    [
                         0.0,
                         0.0,
                         0.0,
                         1.0
                    ]
               ]
          },
          {
               "fl_x": 0.7412567528356665,
               "fl_y": 1.1561430440558165,
               "cx": 0.5,
               "cy": 0.5008680555555556,
               "w": 896,
               "h": 576,
               "file_path": "./images/010.png",
               "transform_matrix": [
                    [
                         -0.08264274826224938,
                         -0.33787772344509365,
                         0.9375547024889925,
                         0.7214293484136066
                    ],
                    [
                         0.9965207269133742,
                         -0.017823128170268238,
                         0.08141730119738991,
                         0.02557200533314191
                    ],
                    [
                         -0.01079893474851858,
                         0.9410212431724312,
                         0.33817510686996205,
                         0.4371168783404278
                    ],
                    [
                         0.0,
                         0.0,
                         0.0,
                         1.0
                    ]
               ]
          },
          {
               "fl_x": 0.7412567528356665,
               "fl_y": 1.1561430440558165,
               "cx": 0.5,
               "cy": 0.5008680555555556,
               "w": 896,
               "h": 576,
               "file_path": "./images/011.png",
               "transform_matrix": [
                    [
                         0.8860772265717415,
                         0.20043185303383781,
                         -0.4179643774777375,
                         -0.2965422742112056
                    ],
                    [
                         -0.4632354356706639,
                         0.4154409409040957,
                         -0.7828293273503039,
                         -0.6308721177646609
                    ],
                    [
                         0.01673558155369145,
                         0.887263149753297,
                         0.4609598934830647,
                         0.5287297064195976
                    ],
                    [
                         0.0,
                         0.0,
                         0.0,
                         1.0
                    ]
               ]
          },
          {
               "fl_x": 0.7412567528356665,
               "fl_y": 1.1561430440558165,
               "cx": 0.5,
               "cy": 0.5008680555555556,
               "w": 896,
               "h": 576,
               "file_path": "./images/012.png",
               "transform_matrix": [
                    [
                         0.46615176776447187,
                         -0.5143708231896417,
                         0.7198091314100344,
                         0.5873561917231641
                    ],
                    [
                         0.8846998149051506,
                         0.2682979708141917,
                         -0.38121179987479276,
                         -0.31414071758486123
                    ],
                    [
                         0.0029608979803639806,
                         0.8145175597298061,
                         0.5801313454511424,
                         0.6675988529645158
                    ],
                    [
                         0.0,
                         0.0,
                         0.0,
                         1.0
                    ]
               ]
          },
          {
               "fl_x": 0.7412567528356665,
               "fl_y": 1.1561430440558165,
               "cx": 0.5,
               "cy": 0.5008680555555556,
               "w": 896,
               "h": 576,
               "file_path": "./images/013.png",
               "transform_matrix": [
                    [
                         -0.1157502360935945,
                         0.2981010813537366,
                         -0.9474901731099958,
                         -0.8585283930021815
                    ],
                    [
                         -0.9920410912384852,
                         0.01290137454509312,
                         0.12525185758783194,
                         0.07273027834374303
                    ],
                    [
                         0.049561639789584125,
                         0.9544471173567345,
                         0.294235184896007,
                         0.45197267980722355
                    ],
                    [
                         0.0,
                         0.0,
                         0.0,
                         1.0
                    ]
               ]
          },
          {
               "fl_x": 0.7412567528356665,
               "fl_y": 1.1561430440558165,
               "cx": 0.5,
               "cy": 0.5008680555555556,
               "w": 896,
               "h": 576,
               "file_path": "./images/014.png",
               "transform_matrix": [
                    [
                         0.8450717037726926,
                         -0.26438509453550535,
                         0.46470887367272257,
                         0.3748072165530573
                    ],
                    [
                         0.5345083098735485,
                         0.43799248198682134,
                         -0.7228163337938255,
                         -0.577573904413442
                    ],
                    [
                         -0.012437128239328155,
                         0.8592223853639273,
                         0.511451083028165,
                         0.5928574695890004
                    ],
                    [
                         0.0,
                         0.0,
                         0.0,
                         1.0
                    ]
               ]
          },
          {
               "fl_x": 0.7412567528356665,
               "fl_y": 1.1561430440558165,
               "cx": 0.5,
               "cy": 0.5008680555555556,
               "w": 896,
               "h": 576,
               "file_path": "./images/015.png",
               "transform_matrix": [
                    [
                         0.1833417621520874,
                         0.3317134169856164,
                         -0.9253928934472613,
                         -0.7997601539857946
                    ],
                    [
                         -0.9824560676665879,
                         0.09452476538784406,
                         -0.16076424923930538,
                         -0.17449468062174653
                    ],
                    [
                         0.0341448877003833,
                         0.9386326638893939,
                         0.34322419629715606,
                         0.47978621669832416
                    ],
                    [
                         0.0,
                         0.0,
                         0.0,
                         1.0
                    ]
               ]
          },
          {
               "fl_x": 0.7432348140358819,
               "fl_y": 1.1561430440558162,
               "cx": 0.5,
               "cy": 0.5,
               "w": 896,
               "h": 576,
               "file_path": "./images/016.png",
               "transform_matrix": [
                    [
                         -0.46513706777595093,
                         0.5206346536103451,
                         -0.7159518598626765,
                         -1.5991490841926295
                    ],
                    [
                         -0.8828368963850278,
                         -0.21328243435797692,
                         0.41846101081891346,
                         0.343764876555366
                    ],
                    [
                         0.0651653478625073,
                         0.8267104454731239,
                         0.5588410478692369,
                         1.06779525493505
                    ],
                    [
                         0.0,
                         0.0,
                         0.0,
                         1.0
                    ]
               ]
          },
          {
               "fl_x": 0.7432348140358819,
               "fl_y": 1.1561430440558162,
               "cx": 0.5,
               "cy": 0.5,
               "w": 896,
               "h": 576,
               "file_path": "./images/017.png",
               "transform_matrix": [
                    [
                         -0.47187055735867495,
                         0.5123524119814157,
                         -0.7175187684199202,
                         -1.580526347965326
                    ],
                    [
                         -0.8791695512630322,
                         -0.21221361387407767,
                         0.42664538227720544,
                         0.33813364279357583
                    ],
                    [
                         0.06632553980159053,
                         0.8321420479841948,
                         0.5505819963880929,
                         1.0503649449086918
                    ],
                    [
                         0.0,
                         0.0,
                         0.0,
                         1.0
                    ]
               ]
          },
          {
               "fl_x": 0.7432348140358819,
               "fl_y": 1.1561430440558162,
               "cx": 0.5,
               "cy": 0.5,
               "w": 896,
               "h": 576,
               "file_path": "./images/018.png",
               "transform_matrix": [
                    [
                         -0.4782012542308521,
                         0.5042086612607907,
                         -0.7190946991611336,
                         -1.5619034039556952
                    ],
                    [
                         -0.8756632679877306,
                         -0.21093041102507185,
                         0.4344216877664397,
                         0.3325114008258579
                    ],
                    [
                         0.06736023715136162,
                         0.8374258102150872,
                         0.5423841911749612,
                         1.0329453479936441
                    ],
                    [
                         0.0,
                         0.0,
                         0.0,
                         1.0
                    ]
               ]
          },
          {
               "fl_x": 0.7432348140358819,
               "fl_y": 1.1561430440558162,
               "cx": 0.5,
               "cy": 0.5,
               "w": 896,
               "h": 576,
               "file_path": "./images/019.png",
               "transform_matrix": [
                    [
                         -0.48415208430905576,
                         0.49620309213323416,
                         -0.720679714309078,
                         -1.5432800443814052
                    ],
                    [
                         -0.8723156871906893,
                         -0.2094515907822986,
                         0.4418092042950214,
                         0.3269071424462833
                    ],
                    [
                         0.06827958069754456,
                         0.842563067358273,
                         0.5342521655394445,
                         1.0155471773012141
                    ],
                    [
                         0.0,
                         0.0,
                         0.0,
                         1.0
                    ]
               ]
          },
          {
               "fl_x": 0.7432348140358819,
               "fl_y": 1.1561430440558162,
               "cx": 0.5,
               "cy": 0.5,
               "w": 896,
               "h": 576,
               "file_path": "./images/020.png",
               "transform_matrix": [
                    [
                         -0.48974566249144114,
                         0.488335005240014,
                         -0.7222728769156814,
                         -1.5246560614601299
                    ],
                    [
                         -0.8691233086263462,
                         -0.2077952557913245,
                         0.44882714498235415,
                         0.3213298594489237
                    ],
                    [
                         0.06909312898698836,
                         0.8475553399795518,
                         0.5261901606823658,
                         0.9981811459427107
                    ],
                    [
                         0.0,
                         0.0,
                         0.0,
                         1.0
                    ]
               ]
          },
          {
               "fl_x": 0.7432348140358819,
               "fl_y": 1.1561430440558162,
               "cx": 0.5,
               "cy": 0.5,
               "w": 896,
               "h": 576,
               "file_path": "./images/021.png",
               "transform_matrix": [
                    [
                         -0.4950043045467965,
                         0.48060336721404134,
                         -0.7238723243104873,
                         -1.50603124740954
                    ],
                    [
                         -0.8660815902854191,
                         -0.20597886671409021,
                         0.455494660161739,
                         0.31578854362785064
                    ],
                    [
                         0.06980986641457874,
                         0.8524043112805707,
                         0.5182021542424097,
                         0.9808579670294459
                    ],
                    [
                         0.0,
                         0.0,
                         0.0,
                         1.0
                    ]
               ]
          },
          {
               "fl_x": 0.7432348140358819,
               "fl_y": 1.1561430440558162,
               "cx": 0.5,
               "cy": 0.5,
               "w": 896,
               "h": 576,
               "file_path": "./images/022.png",
               "transform_matrix": [
                    [
                         -0.4999500408163229,
                         0.473006861681821,
                         -0.725475337616429,
                         -1.4874053944473065
                    ],
                    [
                         -0.86318504092974,
                         -0.20401926324677497,
                         0.46183084061089535,
                         0.31029218677713594
                    ],
                    [
                         0.07043821266102775,
                         0.8571118066076082,
                         0.5102918862484118,
                         0.9635883536727265
                    ],
                    [
                         0.0,
                         0.0,
                         0.0,
                         1.0
                    ]
               ]
          },
          {
               "fl_x": 0.7432348140358819,
               "fl_y": 1.1561430440558162,
               "cx": 0.5,
               "cy": 0.5,
               "w": 896,
               "h": 576,
               "file_path": "./images/023.png",
               "transform_matrix": [
                    [
                         -0.5046046311744931,
                         0.46554393545579753,
                         -0.7270784072970272,
                         -1.4687782947911021
                    ],
                    [
                         -0.8604273062117923,
                         -0.2019326855347545,
                         0.4678547223635137,
                         0.3048497806908512
                    ],
                    [
                         0.07098603329086892,
                         0.8616797750168271,
                         0.5024628826138082,
                         0.9463830189838638
                    ],
                    [
                         0.0,
                         0.0,
                         0.0,
                         1.0
                    ]
               ]
          },
          {
               "fl_x": 0.7432348140358819,
               "fl_y": 1.1561430440558162,
               "cx": 0.5,
               "cy": 0.5,
               "w": 896,
               "h": 576,
               "file_path": "./images/024.png",
               "transform_matrix": [
                    [
                         -0.5089895807499845,
                         0.4582128401362956,
                         -0.728677294707461,
                         -1.450149740658595
                    ],
                    [
                         -0.8578012485402596,
                         -0.19973479574851474,
                         0.4735852926032128,
                         0.2994703171630684
                    ],
                    [
                         0.07146065134552193,
                         0.8661102727144669,
                         0.49471847631531274,
                         0.9292526760741648
                    ],
                    [
                         0.0,
                         0.0,
                         0.0,
                         1.0
                    ]
               ]
          },
          {
               "fl_x": 0.7432348140358819,
               "fl_y": 1.1561430440558162,
               "cx": 0.5,
               "cy": 0.5,
               "w": 896,
               "h": 576,
               "file_path": "./images/025.png",
               "transform_matrix": [
                    [
                         -0.5131261559584115,
                         0.45101166933663533,
                         -0.7302670896278464,
                         -1.4315195242674599
                    ],
                    [
                         -0.8552990208482422,
                         -0.19744069962262786,
                         0.4790414961864631,
                         0.2941627879878584
                    ],
                    [
                         0.07186885978907397,
                         0.8704054481991188,
                         0.48706182640185364,
                         0.9122080380549402
                    ],
                    [
                         0.0,
                         0.0,
                         0.0,
                         1.0
                    ]
               ]
          },
          {
               "fl_x": 0.7432348140358819,
               "fl_y": 1.1561430440558162,
               "cx": 0.5,
               "cy": 0.5,
               "w": 896,
               "h": 576,
               "file_path": "./images/026.png",
               "transform_matrix": [
                    [
                         -0.5170354004454281,
                         0.4439383917384773,
                         -0.7318422637610442,
                         -1.4128874378353675
                    ],
                    [
                         -0.8529121344142009,
                         -0.19506496779404894,
                         0.48424224238341573,
                         0.2889361849592939
                    ],
                    [
                         0.07221693468465565,
                         0.8745675289422543,
                         0.4794959349823429,
                         0.8952598180374991
                    ],
                    [
                         0.0,
                         0.0,
                         0.0,
                         1.0
                    ]
               ]
          },
          {
               "fl_x": 0.7432348140358819,
               "fl_y": 1.1561430440558162,
               "cx": 0.5,
               "cy": 0.5,
               "w": 896,
               "h": 576,
               "file_path": "./images/027.png",
               "transform_matrix": [
                    [
                         -0.5207381505818606,
                         0.4369908801772346,
                         -0.7333967201798144,
                         -1.394253273579988
                    ],
                    [
                         -0.8506315208776353,
                         -0.192621656806334,
                         0.4892064114651233,
                         0.28379949987144526
                    ],
                    [
                         0.0725106489971235,
                         0.8785988094523624,
                         0.4720236623421618,
                         0.8784187291331503
                    ],
                    [
                         0.0,
                         0.0,
                         0.0,
                         1.0
                    ]
               ]
          },
          {
               "fl_x": 0.7432348140358819,
               "fl_y": 1.1561430440558162,
               "cx": 0.5,
               "cy": 0.5,
               "w": 896,
               "h": 576,
               "file_path": "./images/028.png",
               "transform_matrix": [
                    [
                         -0.5242550501918952,
                         0.4301669369497572,
                         -0.7349238387095337,
                         -1.3756168237189925
                    ],
                    [
                         -0.8484475885825412,
                         -0.1901243296731725,
                         0.49395286080232165,
                         0.278761724518386
                    ],
                    [
                         0.07275528693341982,
                         0.8825016405772796,
                         0.4646477403384688,
                         0.8616954844532039
                    ],
                    [
                         0.0,
                         0.0,
                         0.0,
                         1.0
                    ]
               ]
          },
          {
               "fl_x": 0.7432348140358819,
               "fl_y": 1.1561430440558162,
               "cx": 0.5,
               "cy": 0.5,
               "w": 896,
               "h": 576,
               "file_path": "./images/029.png",
               "transform_matrix": [
                    [
                         -0.5276065642310701,
                         0.4234643155285759,
                         -0.7364165172334205,
                         -1.3569778804700545
                    ],
                    [
                         -0.8463502733722456,
                         -0.18758607591798737,
                         0.4985004301747556,
                         0.27383185069418625
                    ],
                    [
                         0.07295565874564541,
                         0.8862784199085554,
                         0.45737078422367894,
                         0.8451007971089683
                    ],
                    [
                         0.0,
                         0.0,
                         0.0,
                         1.0
                    ]
               ]
          },
          {
               "fl_x": 0.7432348140358819,
               "fl_y": 1.1561430440558162,
               "cx": 0.5,
               "cy": 0.5,
               "w": 896,
               "h": 576,
               "file_path": "./images/030.png",
               "transform_matrix": [
                    [
                         -0.5308129911630454,
                         0.4168807388589238,
                         -0.737867208907523,
                         -1.3383362360508437
                    ],
                    [
                         -0.8443290839496815,
                         -0.18501953102661978,
                         0.5028679460210022,
                         0.26901887019291787
                    ],
                    [
                         0.07311611593371403,
                         0.889931583160822,
                         0.4501953030448454,
                         0.8286453802117534
                    ],
                    [
                         0.0,
                         0.0,
                         0.0,
                         1.0
                    ]
               ]
          },
          {
               "fl_x": 0.7432348140358819,
               "fl_y": 1.1561430440558162,
               "cx": 0.5,
               "cy": 0.5,
               "w": 896,
               "h": 576,
               "file_path": "./images/031.png",
               "transform_matrix": [
                    [
                         -0.5338944738128222,
                         0.41041391440671265,
                         -0.7392679552729777,
                         -1.3196916826790308
                    ],
                    [
                         -0.8423731419078634,
                         -0.18243689526737614,
                         0.5070742243868003,
                         0.2643317748086531
                    ],
                    [
                         0.07324056679467082,
                         0.8934635964081357,
                         0.44312370876430834,
                         0.8123399468728676
                    ],
                    [
                         0.0,
                         0.0,
                         0.0,
                         1.0
                    ]
               ]
          },
          {
               "fl_x": 0.7432348140358819,
               "fl_y": 1.1561430440558162,
               "cx": 0.5,
               "cy": 0.5,
               "w": 896,
               "h": 576,
               "file_path": "./images/032.png",
               "transform_matrix": [
                    [
                         -0.5368710084994129,
                         0.404061546117648,
                         -0.7406104152534178,
                         -1.3010440125722886
                    ],
                    [
                         -0.8404712165265583,
                         -0.17984995184724586,
                         0.5111380723551228,
                         0.2597795563354634
                    ],
                    [
                         0.07333249227450904,
                         0.8968769490680197,
                         0.4361583242439036,
                         0.7961952102036215
                    ],
                    [
                         0.0,
                         0.0,
                         0.0,
                         1.0
                    ]
               ]
          },
          {
               "fl_x": 0.7432348140358819,
               "fl_y": 1.1561430440558162,
               "cx": 0.5,
               "cy": 0.5,
               "w": 896,
               "h": 576,
               "file_path": "./images/033.png",
               "transform_matrix": [
                    [
                         -0.5397624522729578,
                         0.3978213434398111,
                         -0.7418858900262403,
                         -1.2823930179482874
                    ],
                    [
                         -0.8386117544231716,
                         -0.17727008438499972,
                         0.5150782877635447,
                         0.25537120656742035
                    ],
                    [
                         0.07339496208577882,
                         0.9001741475325087,
                         0.42930139023132485,
                         0.7802218833153226
                    ],
                    [
                         0.0,
                         0.0,
                         0.0,
                         1.0
                    ]
               ]
          },
          {
               "fl_x": 0.7432348140358819,
               "fl_y": 1.1561430440558162,
               "cx": 0.5,
               "cy": 0.5,
               "w": 896,
               "h": 576,
               "file_path": "./images/034.png",
               "transform_matrix": [
                    [
                         -0.5425885280999901,
